Mean Values
--------------------------------------------------------------------------------
1.680000  0.950000  0.590000  0.430000  0.140000  0.360000  0.280000  0.550000  0.580000  0.680000  0.500000  0.910000  1.830000
1.870000  0.940000  0.410000  0.390000  0.320000  0.470000  0.470000  0.750000  0.540000  0.580000  0.620000  0.730000  1.880000
1.990000  0.770000  0.340000  0.450000  0.390000  0.320000  0.440000  0.510000  0.460000  0.510000  0.540000  0.790000  1.790000
1.700000  0.750000  0.550000  0.510000  0.480000  0.500000  0.580000  0.480000  0.370000  0.380000  0.380000  0.970000  1.600000
1.820000  0.780000  0.440000  0.480000  0.500000  0.610000  0.570000  0.340000  0.390000  0.500000  0.560000  1.030000  2.110000
1.860000  0.780000  0.640000  0.770000  0.560000  0.370000  0.410000  0.150000  0.370000  0.320000  0.400000  0.630000  1.810000
1.700000  0.890000  0.820000  0.820000  0.630000  0.590000  0.330000  0.340000  0.290000  0.330000  0.580000  0.780000  1.780000
1.810000  1.120000  1.020000  0.870000  0.470000  0.410000  0.310000  0.310000  0.240000  0.390000  0.420000  0.830000  1.800000
1.880000  1.450000  0.950000  0.830000  0.570000  0.460000  0.360000  0.470000  0.370000  0.410000  0.460000  0.840000  1.620000
2.480000  1.820000  1.240000  0.860000  0.660000  0.600000  0.450000  0.470000  0.510000  0.400000  0.740000  1.060000  1.710000
2.500000  1.700000  1.060000  0.840000  0.660000  0.590000  0.600000  0.650000  0.520000  0.770000  0.910000  1.360000  2.090000
2.130000  1.250000  0.850000  0.790000  0.530000  0.510000  0.600000  0.560000  0.490000  0.810000  0.950000  1.550000  2.470000
1.750000  0.920000  0.740000  0.560000  0.400000  0.360000  0.530000  0.510000  0.570000  0.830000  1.060000  1.710000  2.550000
1.920000  0.840000  0.600000  0.510000  0.270000  0.500000  0.390000  0.510000  0.550000  0.800000  1.260000  1.660000  1.990000
1.860000  0.840000  0.320000  0.400000  0.170000  0.190000  0.380000  0.490000  0.580000  0.880000  1.090000  1.180000  1.730000
1.920000  0.900000  0.490000  0.520000  0.360000  0.220000  0.340000  0.430000  0.550000  0.810000  0.880000  0.910000  1.900000

Variance Values
--------------------------------------------------------------------------------
0.000000  0.000000  0.000000  0.000000  0.000000  0.000000  0.000000  0.000000  0.000000  0.000000  0.000000  0.000000  0.000000
0.000000  0.000000  0.000000  0.000000  0.000000  0.000000  0.000000  0.000000  0.000000  0.000000  0.000000  0.000000  0.000000
0.000000  0.000000  0.000000  0.000000  0.000000  0.000000  0.000000  0.000000  0.000000  0.000000  0.000000  0.000000  0.000000
0.000000  0.000000  0.000000  0.000000  0.000000  0.000000  0.000000  0.000000  0.000000  0.000000  0.000000  0.000000  0.000000
0.000000  0.000000  0.000000  0.000000  0.000000  0.000000  0.000000  0.000000  0.000000  0.000000  0.000000  0.000000  0.000000
0.000000  0.000000  0.000000  0.000000  0.000000  0.000000  0.000000  0.000000  0.000000  0.000000  0.000000  0.000000  0.000000
0.000000  0.000000  0.000000  0.000000  0.000000  0.000000  0.000000  0.000000  0.000000  0.000000  0.000000  0.000000  0.000000
0.000000  0.000000  0.000000  0.000000  0.000000  0.000000  0.000000  0.000000  0.000000  0.000000  0.000000  0.000000  0.000000
0.000000  0.000000  0.000000  0.000000  0.000000  0.000000  0.000000  0.000000  0.000000  0.000000  0.000000  0.000000  0.000000
0.000000  0.000000  0.000000  0.000000  0.000000  0.000000  0.000000  0.000000  0.000000  0.000000  0.000000  0.000000  0.000000
0.000000  0.000000  0.000000  0.000000  0.000000  0.000000  0.000000  0.000000  0.000000  0.000000  0.000000  0.000000  0.000000
0.000000  0.000000  0.000000  0.000000  0.000000  0.000000  0.000000  0.000000  0.000000  0.000000  0.000000  0.000000  0.000000
0.000000  0.000000  0.000000  0.000000  0.000000  0.000000  0.000000  0.000000  0.000000  0.000000  0.000000  0.000000  0.000000
0.000000  0.000000  0.000000  0.000000  0.000000  0.000000  0.000000  0.000000  0.000000  0.000000  0.000000  0.000000  0.000000
0.000000  0.000000  0.000000  0.000000  0.000000  0.000000  0.000000  0.000000  0.000000  0.000000  0.000000  0.000000  0.000000
0.000000  0.000000  0.000000  0.000000  0.000000  0.000000  0.000000  0.000000  0.000000  0.000000  0.000000  0.000000  0.000000

SNRs Values
--------------------------------------------------------------------------------
311.556781  639.554472  314.508836  632.669369  308.034956  316.238445  308.034956  307.878449  635.268560  315.741974  633.979400  312.252023  645.249022
308.965603  309.011927  317.368072  316.933687  315.215395  309.011927  309.011927  637.501225  634.647875  635.268560  314.939629  306.815828  309.011927
645.977062  307.279185  315.741974  306.135446  316.933687  315.215395  632.869054  307.222599  318.367552  307.222599  634.647875  311.023737  306.087056
305.638974  637.501225  307.878449  307.222599  633.624825  633.979400  635.268560  633.624825  316.476430  316.708067  316.708067  639.735435  311.132995
312.252023  316.933687  632.869054  633.624825  633.979400  314.798392  314.209293  315.741974  316.933687  633.979400  308.034956  313.327940  313.536245
318.461454  316.933687  315.215395  307.279185  308.034956  316.476430  317.368072  623.521825  316.476430  315.215395  311.132995  315.078606  645.153571
305.638974  318.079596  317.368072  317.368072  315.078606  314.508836  630.370279  315.741974  629.247960  630.370279  635.268560  316.933687  318.079596
645.153571  308.034956  307.222599  638.790385  309.011927  317.368072  314.939629  314.939629  627.604225  316.933687  311.556781  317.473357  306.135446
309.011927  304.257356  639.554472  317.473357  314.209293  318.367552  316.238445  309.011927  316.476430  317.368072  318.367552  311.556781  307.719071
314.939629  312.252023  314.939629  638.689969  636.390879  635.563025  306.135446  309.011927  307.222599  311.132995  316.476430  307.556713  305.689918
647.958800  305.638974  307.556713  311.556781  636.390879  314.508836  635.563025  315.350063  634.320067  307.279185  312.252023  315.741974  646.402926
307.597588  641.938200  305.638974  311.023737  307.556713  307.222599  635.563025  308.034956  306.875117  307.719071  639.554472  304.836630  314.904535
644.860761  318.367552  316.476430  308.034956  311.132995  316.238445  307.556713  307.222599  314.209293  317.473357  307.556713  305.689918  309.160799
645.666025  311.556781  635.563025  307.222599  628.627275  633.979400  316.933687  307.222599  307.878449  311.132995  315.078606  317.473357  645.977062
318.461454  311.556781  315.215395  311.132995  315.741974  316.708067  316.708067  306.875117  635.268560  638.889653  640.748530  314.508836  317.832118
645.666025  306.135446  306.875117  634.320067  316.238445  626.848454  315.741974  632.669369  307.878449  307.719071  638.889653  312.252023  645.575072
