s
1.68 0.95 0.59 0.43 0.14 0.36 0.28 0.55 0.58 0.68 0.50 0.91 1.83  
1.87 0.94 0.41 0.39 0.32 0.47 0.47 0.75 0.54 0.58 0.62 0.73 1.88  
1.99 0.77 0.34 0.45 0.39 0.32 0.44 0.51 0.46 0.51 0.54 0.79 1.79  
1.70 0.75 0.55 0.51 0.48 0.50 0.58 0.48 0.37 0.38 0.38 0.97 1.60  
1.82 0.78 0.44 0.48 0.50 0.61 0.57 0.34 0.39 0.50 0.56 1.03 2.11  
1.86 0.78 0.64 0.77 0.56 0.37 0.41 0.15 0.37 0.32 0.40 0.63 1.81  
1.70 0.89 0.82 0.82 0.63 0.59 0.33 0.34 0.29 0.33 0.58 0.78 1.78  
1.81 1.12 1.02 0.87 0.47 0.41 0.31 0.31 0.24 0.39 0.42 0.83 1.80  
1.88 1.45 0.95 0.83 0.57 0.46 0.36 0.47 0.37 0.41 0.46 0.84 1.62  
2.48 1.82 1.24 0.86 0.66 0.60 0.45 0.47 0.51 0.40 0.74 1.06 1.71  
2.50 1.70 1.06 0.84 0.66 0.59 0.60 0.65 0.52 0.77 0.91 1.36 2.09  
2.13 1.25 0.85 0.79 0.53 0.51 0.60 0.56 0.49 0.81 0.95 1.55 2.47  
1.75 0.92 0.74 0.56 0.40 0.36 0.53 0.51 0.57 0.83 1.06 1.71 2.55  
1.92 0.84 0.60 0.51 0.27 0.50 0.39 0.51 0.55 0.80 1.26 1.66 1.99  
1.86 0.84 0.32 0.40 0.17 0.19 0.38 0.49 0.58 0.88 1.09 1.18 1.73  
1.92 0.90 0.49 0.52 0.36 0.22 0.34 0.43 0.55 0.81 0.88 0.91 1.90  
s
1.73 0.84 0.40 0.48 0.15 0.43 0.24 0.61 0.57 0.81 0.60 1.01 1.78  
1.73 1.06 0.47 0.46 0.41 0.40 0.37 0.73 0.42 0.50 0.49 0.86 1.87  
2.08 0.80 0.44 0.44 0.17 0.37 0.62 0.58 0.44 0.51 0.58 0.91 1.75  
1.77 0.93 0.41 0.46 0.41 0.64 0.63 0.38 0.41 0.53 0.59 0.76 1.89  
1.63 0.65 0.50 0.42 0.57 0.62 0.44 0.25 0.31 0.24 0.44 0.81 1.85  
1.94 0.82 0.70 0.68 0.69 0.51 0.42 0.31 0.42 0.33 0.43 0.75 1.68  
1.74 0.95 0.99 0.97 0.65 0.57 0.20 0.19 0.19 0.30 0.55 0.90 1.68  
1.72 1.25 1.07 0.79 0.54 0.53 0.26 0.46 0.21 0.47 0.54 0.82 1.80  
2.06 1.58 1.01 0.80 0.63 0.49 0.23 0.41 0.29 0.40 0.41 1.03 1.64  
2.54 1.88 1.24 0.73 0.62 0.52 0.49 0.44 0.37 0.56 0.61 1.03 1.76  
2.46 1.57 1.05 1.00 0.66 0.64 0.53 0.73 0.55 0.62 0.72 1.20 2.09  
2.20 1.23 0.81 0.81 0.61 0.51 0.53 0.64 0.48 0.82 0.99 1.57 2.32  
1.90 1.02 0.56 0.67 0.50 0.46 0.46 0.48 0.66 0.81 1.10 1.65 2.47  
1.89 0.93 0.43 0.51 0.43 0.34 0.39 0.54 0.54 0.77 1.21 1.60 2.18  
1.81 0.95 0.41 0.34 0.30 0.36 0.27 0.48 0.59 0.87 1.14 1.23 1.74  
1.87 0.81 0.30 0.42 0.22 0.21 0.32 0.58 0.49 0.90 0.79 0.98 1.91  
s
1.76 0.78 0.46 0.28 0.16 0.46 0.33 0.57 0.69 0.74 0.51 0.83 1.67  
1.87 1.02 0.39 0.51 0.29 0.43 0.61 0.57 0.55 0.50 0.40 1.04 1.96  
2.06 0.81 0.57 0.40 0.29 0.55 0.54 0.62 0.49 0.51 0.39 0.80 1.75  
1.75 0.97 0.55 0.38 0.50 0.48 0.66 0.57 0.52 0.40 0.48 1.03 1.84  
1.71 0.64 0.44 0.47 0.47 0.51 0.49 0.54 0.30 0.35 0.49 0.95 2.00  
1.83 0.81 0.70 0.75 0.73 0.43 0.40 0.13 0.31 0.27 0.42 0.68 1.65  
1.75 1.02 0.86 0.74 0.53 0.49 0.28 0.25 0.29 0.41 0.56 0.87 1.73  
1.72 1.20 1.03 0.76 0.64 0.34 0.49 0.34 0.27 0.36 0.50 0.77 1.87  
2.07 1.48 1.12 0.78 0.57 0.51 0.44 0.29 0.48 0.29 0.54 0.99 1.82  
2.41 1.77 1.11 0.73 0.76 0.54 0.49 0.44 0.46 0.28 0.60 0.90 1.80  
2.41 1.53 1.07 0.85 0.62 0.71 0.66 0.59 0.49 0.81 0.79 1.09 2.02  
2.00 1.21 0.79 0.73 0.51 0.53 0.52 0.69 0.58 0.91 1.06 1.46 2.32  
1.66 0.94 0.58 0.45 0.44 0.42 0.50 0.61 0.62 0.88 1.03 1.69 2.52  
1.77 1.00 0.60 0.48 0.32 0.48 0.42 0.56 0.56 0.88 1.14 1.72 2.00  
1.80 0.74 0.53 0.28 0.41 0.32 0.24 0.51 0.58 0.77 1.12 1.13 1.71  
1.94 0.81 0.50 0.42 0.33 0.34 0.25 0.38 0.61 0.90 0.95 0.99 1.83  
s
1.68 0.83 0.45 0.41 0.32 0.32 0.22 0.65 0.65 0.70 0.72 0.92 1.80  
1.79 0.94 0.45 0.39 0.29 0.50 0.51 0.79 0.55 0.59 0.57 0.89 1.84  
1.94 0.86 0.50 0.28 0.48 0.47 0.57 0.61 0.47 0.47 0.56 0.90 1.74  
1.78 0.71 0.60 0.41 0.33 0.63 0.40 0.48 0.38 0.44 0.43 0.97 1.78  
1.70 0.71 0.33 0.41 0.64 0.59 0.42 0.42 0.41 0.39 0.60 0.98 1.83  
1.77 0.80 0.75 0.83 0.72 0.52 0.46 0.31 0.35 0.32 0.38 0.76 1.69  
1.75 0.97 0.80 0.85 0.59 0.48 0.30 0.42 0.26 0.38 0.55 0.95 1.73  
1.81 1.27 0.96 0.84 0.61 0.39 0.16 0.40 0.42 0.40 0.51 0.91 1.81  
1.93 1.41 1.16 0.77 0.57 0.50 0.32 0.41 0.36 0.42 0.46 0.93 1.75  
2.35 1.62 1.19 0.97 0.55 0.65 0.39 0.45 0.50 0.49 0.72 0.85 1.79  
2.56 1.63 1.16 0.84 0.67 0.61 0.52 0.63 0.46 0.79 0.88 1.13 1.96  
2.09 1.20 0.84 0.69 0.59 0.55 0.54 0.49 0.59 0.92 0.94 1.59 2.50  
1.83 1.01 0.65 0.57 0.49 0.53 0.52 0.56 0.66 0.90 1.07 1.90 2.50  
1.89 1.03 0.59 0.41 0.31 0.49 0.25 0.48 0.63 0.79 1.20 1.55 2.02  
1.79 0.92 0.52 0.44 0.36 0.25 0.28 0.42 0.48 0.87 1.01 1.17 1.74  
1.90 0.94 0.44 0.31 0.38 0.38 0.27 0.51 0.62 0.89 0.71 0.89 1.69  
s
1.69 0.86 0.37 0.42 0.14 0.43 0.36 0.65 0.74 0.66 0.58 0.96 1.79  
1.77 0.83 0.45 0.40 0.32 0.51 0.47 0.55 0.61 0.50 0.48 0.95 1.83  
1.92 0.82 0.49 0.40 0.48 0.42 0.66 0.57 0.47 0.50 0.49 0.88 1.91  
1.83 0.85 0.53 0.45 0.29 0.57 0.45 0.44 0.44 0.46 0.39 0.81 1.78  
1.75 0.65 0.46 0.40 0.57 0.52 0.64 0.43 0.18 0.28 0.48 1.03 1.86  
1.86 0.91 0.80 0.65 0.64 0.51 0.38 0.11 0.21 0.26 0.49 0.63 1.62  
1.62 0.89 0.82 0.82 0.59 0.49 0.23 0.44 0.31 0.43 0.67 0.91 1.81  
1.88 1.28 1.07 0.98 0.56 0.47 0.42 0.36 0.30 0.54 0.47 0.88 1.89  
2.04 1.44 1.07 0.83 0.43 0.31 0.30 0.41 0.26 0.39 0.33 0.97 1.64  
2.50 1.69 1.24 0.95 0.60 0.60 0.47 0.43 0.40 0.47 0.61 0.95 1.64  
2.40 1.66 1.00 0.78 0.62 0.72 0.65 0.61 0.65 0.87 0.78 1.10 2.11  
2.07 1.06 0.97 0.62 0.57 0.55 0.55 0.60 0.59 0.78 1.07 1.48 2.49  
1.67 0.89 0.67 0.60 0.47 0.52 0.44 0.66 0.49 0.97 1.04 1.73 2.51  
1.86 0.98 0.41 0.58 0.31 0.30 0.26 0.56 0.49 0.94 1.16 1.64 2.18  
1.88 0.89 0.45 0.48 0.18 0.44 0.37 0.31 0.61 0.88 1.13 1.17 1.75  
1.93 0.96 0.56 0.44 0.25 0.24 0.29 0.63 0.52 0.82 0.79 0.91 1.70  
s
1.69 0.84 0.50 0.47 0.14 0.36 0.35 0.58 0.55 0.80 0.64 0.83 1.90  
1.84 0.98 0.49 0.54 0.24 0.44 0.56 0.70 0.57 0.63 0.49 0.70 1.77  
1.88 0.92 0.48 0.34 0.28 0.46 0.50 0.61 0.42 0.54 0.58 0.94 1.81  
1.74 0.91 0.45 0.55 0.38 0.61 0.43 0.42 0.26 0.33 0.53 0.93 1.82  
1.92 0.78 0.50 0.49 0.53 0.51 0.48 0.35 0.33 0.25 0.43 0.87 1.95  
1.72 0.91 0.80 0.69 0.56 0.49 0.23 0.23 0.19 0.20 0.44 0.71 1.72  
1.73 1.02 0.76 0.69 0.68 0.43 0.38 0.32 0.23 0.53 0.46 0.93 1.70  
1.83 1.26 1.23 1.00 0.66 0.49 0.30 0.33 0.33 0.37 0.32 0.89 1.95  
2.07 1.43 1.01 0.83 0.55 0.62 0.44 0.46 0.32 0.51 0.49 0.86 1.78  
2.42 1.74 1.32 0.97 0.73 0.54 0.39 0.52 0.56 0.44 0.62 0.97 1.83  
2.52 1.61 0.98 0.72 0.72 0.54 0.47 0.63 0.61 0.76 0.82 1.15 1.98  
2.14 1.25 0.76 0.71 0.55 0.54 0.63 0.79 0.53 0.84 1.09 1.53 2.53  
1.73 0.92 0.68 0.57 0.44 0.46 0.47 0.47 0.71 0.78 1.19 1.70 2.49  
1.79 0.85 0.62 0.51 0.44 0.51 0.33 0.41 0.49 0.89 1.13 1.63 2.09  
1.85 0.81 0.56 0.38 0.32 0.31 0.18 0.52 0.66 0.91 1.02 1.31 1.72  
1.81 0.97 0.52 0.31 0.20 0.47 0.31 0.53 0.45 0.75 0.84 0.93 1.76  

