3.30 2.93 2.91 2.35 1.75 1.54 1.69 1.87 2.16 2.25 2.43 3.23 3.30 
3.30 3.07 2.93 2.13 1.85 2.18 1.96 2.01 2.01 2.11 3.09 2.91 2.94 
3.03 3.05 2.63 2.00 2.25 2.01 2.07 1.91 1.66 2.97 3.04 2.82 3.13 
3.30 2.84 2.34 2.38 1.86 1.70 1.47 1.33 2.29 2.11 2.49 3.18 3.13 
3.30 2.86 2.84 2.50 2.41 1.62 1.48 2.17 2.05 1.90 2.67 2.94 3.30 
3.30 3.20 2.85 2.56 1.80 1.52 2.04 1.92 1.86 2.38 2.81 3.27 3.30 
3.30 2.83 2.59 1.90 1.34 1.85 1.56 1.28 1.71 2.19 2.83 3.12 3.30 
3.30 2.93 2.08 1.54 1.95 1.58 1.50 1.51 1.85 2.23 2.55 3.17 3.26 
3.30 2.91 2.47 2.83 2.11 1.63 1.78 2.32 2.32 2.43 3.11 3.30 3.30 
3.30 2.92 2.96 2.13 1.70 1.75 1.73 1.96 1.84 2.53 2.95 3.07 3.06 
3.30 3.20 2.82 2.02 2.00 1.99 1.96 1.74 2.20 2.45 2.48 2.61 3.15 
3.30 2.75 2.39 2.32 1.98 1.90 1.58 1.83 2.02 1.89 2.21 3.17 3.30 
3.30 2.70 2.45 2.30 1.78 1.38 1.56 1.60 1.58 1.52 2.61 2.95 3.30 
3.30 3.30 2.81 2.88 2.16 2.34 2.18 1.73 1.85 2.80 3.06 2.93 3.13 
3.30 2.97 2.97 2.28 2.12 1.91 1.70 1.45 1.94 2.26 2.80 2.94 3.18 
3.30 3.03 2.35 2.17 1.70 1.32 1.34 2.04 1.76 2.30 2.25 3.05 3.30  